0.000000 12.456822 38.315529 23.104519 19.567913 25.589538 24.101347 28.309923 31.654179 22.358859 36.289221 14.225060 15.829891 24.507189 44.557285 19.095087 19.559002 10.045964 17.628193 17.479318 
12.456822 0.000000 25.858706 17.902881 7.111090 17.954433 11.644524 15.853101 23.003840 9.902036 35.203600 15.829688 3.373069 12.050366 32.100463 6.638265 7.102180 2.410859 12.426555 5.022496 
38.315529 25.858706 0.000000 43.761587 31.706512 43.813139 37.503231 41.711807 48.862547 35.760742 61.062306 41.688395 29.231775 26.767236 56.695884 32.496971 32.960886 28.269565 38.285261 30.881202 
23.104519 17.902881 43.761587 0.000000 25.013971 31.035596 29.547405 33.459318 26.308578 27.804917 26.737541 8.879459 21.275949 29.953247 50.003344 24.318200 25.005060 15.492022 5.476326 22.925377 
19.567913 7.111090 31.706512 25.013971 0.000000 25.065523 18.755615 13.869959 21.020699 17.013127 42.314690 22.940779 10.484159 4.939276 24.989372 8.615214 14.213270 9.521949 19.537646 12.133586 
25.589538 17.954433 43.813139 31.035596 25.065523 0.000000 29.598957 33.807534 40.958273 27.856469 53.158033 28.962404 21.327502 30.004799 50.054896 24.592698 25.056612 15.543574 25.559270 22.976929 
24.101347 11.644524 37.503231 29.547405 18.755615 29.598957 0.000000 7.693553 14.844292 1.742488 46.848124 27.474213 15.017593 23.694891 43.744987 18.282789 11.642796 14.055383 24.071079 6.622028 
28.309923 15.853101 41.711807 33.459318 13.869959 33.807534 7.693553 0.000000 7.150739 5.951065 48.815280 24.579859 19.226170 18.809235 38.859332 22.485173 15.851372 18.263960 27.982992 10.830605 
31.654179 23.003840 48.862547 26.308578 21.020699 40.958273 14.844292 7.150739 0.000000 13.101804 41.664541 17.429119 26.376909 25.959975 44.089419 27.686268 23.002112 25.414699 20.832253 17.981344 
22.358859 9.902036 35.760742 27.804917 17.013127 27.856469 1.742488 5.951065 13.101804 0.000000 45.105636 25.731725 13.275105 21.952403 42.002499 16.540301 9.900308 12.312895 22.328591 4.879540 
36.289221 35.203600 61.062306 26.737541 42.314690 53.158033 46.848124 48.815280 41.664541 45.105636 0.000000 24.235421 31.830531 45.327336 67.304063 35.095727 35.559642 37.614459 27.638555 40.226096 
14.225060 15.829688 41.688395 8.879459 22.940779 28.962404 27.474213 24.579859 17.429119 25.731725 24.235421 0.000000 18.703938 25.670350 47.930151 15.438741 22.433048 13.418829 3.403133 20.852184 
15.829891 3.373069 29.231775 21.275949 10.484159 21.327502 15.017593 19.226170 26.376909 13.275105 31.830531 18.703938 0.000000 13.496804 35.473531 3.265196 3.729111 5.783927 15.799624 8.395565 
24.507189 12.050366 26.767236 29.953247 4.939276 30.004799 23.694891 18.809235 25.959975 21.952403 45.327336 25.670350 13.496804 0.000000 29.928648 10.231608 17.225915 14.461225 24.476922 17.072862 
44.557285 32.100463 56.695884 50.003344 24.989372 50.054896 43.744987 38.859332 44.089419 42.002499 67.304063 47.930151 35.473531 29.928648 0.000000 33.604586 39.202642 34.511322 44.527018 37.122959 
19.095087 6.638265 32.496971 24.318200 8.615214 24.592698 18.282789 22.485173 27.686268 16.540301 35.095727 15.438741 3.265196 10.231608 33.604586 0.000000 6.994307 9.049124 18.841875 11.660761 
19.559002 7.102180 32.960886 25.005060 14.213270 25.056612 11.642796 15.851372 23.002112 9.900308 35.559642 22.433048 3.729111 17.225915 39.202642 6.994307 0.000000 9.513038 19.528735 5.020767 
10.045964 2.410859 28.269565 15.492022 9.521949 15.543574 14.055383 18.263960 25.414699 12.312895 37.614459 13.418829 5.783927 14.461225 34.511322 9.049124 9.513038 0.000000 10.015696 7.433355 
17.628193 12.426555 38.285261 5.476326 19.537646 25.559270 24.071079 27.982992 20.832253 22.328591 27.638555 3.403133 15.799624 24.476922 44.527018 18.841875 19.528735 10.015696 0.000000 17.449051 
17.479318 5.022496 30.881202 22.925377 12.133586 22.976929 6.622028 10.830605 17.981344 4.879540 40.226096 20.852184 8.395565 17.072862 37.122959 11.660761 5.020767 7.433355 17.449051 0.000000 
CtrlSum=8988.473976
