1043200.000000 0.000000 0.000000 0.000000 0.000000 0.000000 0.000000 0.000000 0.000000 0.000000 2840800.000000 4980800.000000 0.000000 0.000000 0.000000 0.000000 0.000000 15424000.000000 0.000000 0.000000 
0.000000 6093600.000000 21501600.000000 0.000000 73803200.000000 0.000000 0.000000 0.000000 0.000000 0.000000 0.000000 0.000000 86557600.000000 0.000000 0.000000 0.000000 0.000000 81849600.000000 0.000000 78682400.000000 
0.000000 21501600.000000 1385600.000000 0.000000 0.000000 0.000000 0.000000 0.000000 0.000000 0.000000 0.000000 0.000000 0.000000 5665600.000000 0.000000 0.000000 0.000000 0.000000 0.000000 0.000000 
0.000000 0.000000 0.000000 700800.000000 0.000000 0.000000 0.000000 0.000000 0.000000 0.000000 2241600.000000 0.000000 0.000000 0.000000 0.000000 0.000000 0.000000 0.000000 14739200.000000 0.000000 
0.000000 73803200.000000 0.000000 0.000000 4467200.000000 0.000000 0.000000 22700000.000000 0.000000 0.000000 0.000000 0.000000 0.000000 25353600.000000 51376000.000000 13284000.000000 0.000000 0.000000 0.000000 0.000000 
0.000000 0.000000 0.000000 0.000000 0.000000 1728000.000000 0.000000 0.000000 0.000000 0.000000 0.000000 0.000000 0.000000 0.000000 0.000000 0.000000 0.000000 29804800.000000 0.000000 0.000000 
0.000000 0.000000 0.000000 0.000000 0.000000 0.000000 2412800.000000 0.000000 0.000000 36567200.000000 0.000000 0.000000 0.000000 0.000000 0.000000 0.000000 0.000000 0.000000 0.000000 0.000000 
0.000000 0.000000 0.000000 0.000000 22700000.000000 0.000000 0.000000 3696800.000000 55228000.000000 50520000.000000 0.000000 0.000000 0.000000 0.000000 0.000000 0.000000 0.000000 0.000000 0.000000 0.000000 
0.000000 0.000000 0.000000 0.000000 0.000000 0.000000 0.000000 55228000.000000 10031200.000000 0.000000 0.000000 28777600.000000 0.000000 0.000000 7463200.000000 7377600.000000 0.000000 0.000000 0.000000 0.000000 
0.000000 0.000000 0.000000 0.000000 0.000000 0.000000 36567200.000000 50520000.000000 0.000000 1728000.000000 0.000000 0.000000 0.000000 0.000000 0.000000 0.000000 0.000000 0.000000 0.000000 89296800.000000 
2840800.000000 0.000000 0.000000 2241600.000000 0.000000 0.000000 0.000000 0.000000 0.000000 0.000000 9260800.000000 20388800.000000 51632800.000000 0.000000 0.000000 0.000000 0.000000 0.000000 0.000000 0.000000 
4980800.000000 0.000000 0.000000 0.000000 0.000000 0.000000 0.000000 0.000000 28777600.000000 0.000000 20388800.000000 2156000.000000 0.000000 0.000000 0.000000 11400800.000000 0.000000 0.000000 29120000.000000 0.000000 
0.000000 86557600.000000 0.000000 0.000000 0.000000 0.000000 0.000000 0.000000 0.000000 0.000000 51632800.000000 0.000000 872000.000000 0.000000 0.000000 40761600.000000 42559200.000000 0.000000 0.000000 0.000000 
0.000000 0.000000 5665600.000000 0.000000 25353600.000000 0.000000 0.000000 0.000000 0.000000 0.000000 0.000000 0.000000 0.000000 2070400.000000 0.000000 11828800.000000 0.000000 0.000000 0.000000 0.000000 
0.000000 0.000000 0.000000 0.000000 51376000.000000 0.000000 0.000000 0.000000 7463200.000000 0.000000 0.000000 0.000000 0.000000 0.000000 5580000.000000 0.000000 0.000000 0.000000 0.000000 0.000000 
0.000000 0.000000 0.000000 0.000000 13284000.000000 0.000000 0.000000 0.000000 7377600.000000 0.000000 0.000000 11400800.000000 40761600.000000 11828800.000000 0.000000 5408800.000000 0.000000 0.000000 0.000000 0.000000 
0.000000 0.000000 0.000000 0.000000 0.000000 0.000000 0.000000 0.000000 0.000000 0.000000 0.000000 0.000000 42559200.000000 0.000000 0.000000 0.000000 5751200.000000 0.000000 0.000000 17478400.000000 
15424000.000000 81849600.000000 0.000000 0.000000 0.000000 29804800.000000 0.000000 0.000000 0.000000 0.000000 0.000000 0.000000 0.000000 0.000000 0.000000 0.000000 0.000000 700800.000000 35968000.000000 0.000000 
0.000000 0.000000 0.000000 14739200.000000 0.000000 0.000000 0.000000 0.000000 0.000000 0.000000 0.000000 29120000.000000 0.000000 0.000000 0.000000 0.000000 0.000000 35968000.000000 1214400.000000 0.000000 
0.000000 78682400.000000 0.000000 0.000000 0.000000 0.000000 0.000000 0.000000 0.000000 89296800.000000 0.000000 0.000000 0.000000 0.000000 0.000000 0.000000 17478400.000000 0.000000 0.000000 529600.000000 
CtrlSum=2201178400.000000
