0.034783 0.020043 0.035137 0.039091 0.031002 0.026492 0.040864 0.044465 0.037719 0.032701 0.034783 0.021053 0.030300 0.041258 0.039604 0.042998 0.041258 0.013793 0.032012 0.028206 
0.020043 0.034783 0.015094 0.022968 0.010959 0.018948 0.020821 0.024422 0.030672 0.012658 0.022955 0.026847 0.010256 0.021215 0.019561 0.022955 0.021215 0.006250 0.015889 0.008163 
0.035137 0.015094 0.034783 0.038063 0.034499 0.034043 0.035915 0.039517 0.045767 0.027752 0.038049 0.041942 0.025351 0.024242 0.043101 0.038049 0.036310 0.021344 0.030983 0.023258 
0.039091 0.022968 0.038063 0.034783 0.033927 0.029417 0.043789 0.040955 0.034705 0.035626 0.034783 0.018039 0.033225 0.044184 0.042529 0.036643 0.044184 0.016718 0.007080 0.031131 
0.031002 0.010959 0.034499 0.033927 0.034783 0.029907 0.031780 0.021053 0.027303 0.023617 0.033914 0.037806 0.021215 0.010256 0.008602 0.024242 0.032174 0.017209 0.026847 0.019122 
0.026492 0.018948 0.034043 0.029417 0.029907 0.034783 0.039769 0.043371 0.049621 0.031606 0.041903 0.033296 0.029205 0.040164 0.038509 0.041903 0.040164 0.012698 0.022337 0.027112 
0.040864 0.020821 0.035915 0.043789 0.031780 0.039769 0.034783 0.019928 0.026178 0.008163 0.043776 0.047668 0.031077 0.042036 0.040382 0.043776 0.033710 0.027071 0.036709 0.012658 
0.044465 0.024422 0.039517 0.040955 0.021053 0.043371 0.019928 0.034783 0.006250 0.011765 0.043969 0.022917 0.034679 0.031309 0.029655 0.045295 0.037312 0.030672 0.033876 0.016259 
0.037719 0.030672 0.045767 0.034705 0.027303 0.049621 0.026178 0.006250 0.034783 0.018015 0.037719 0.016667 0.040929 0.037559 0.034783 0.034783 0.043562 0.036922 0.027626 0.022509 
0.032701 0.012658 0.027752 0.035626 0.023617 0.031606 0.008163 0.011765 0.018015 0.034783 0.035612 0.039505 0.022914 0.033873 0.032219 0.035612 0.025547 0.018908 0.028546 0.004494 
0.034783 0.022955 0.038049 0.034783 0.033914 0.041903 0.043776 0.043969 0.037719 0.035612 0.034783 0.021053 0.012698 0.042063 0.042516 0.025397 0.023657 0.029205 0.032012 0.031118 
0.021053 0.026847 0.041942 0.018039 0.037806 0.033296 0.047668 0.022917 0.016667 0.039505 0.021053 0.034783 0.031303 0.035271 0.046409 0.018605 0.042262 0.020597 0.010959 0.035011 
0.030300 0.010256 0.025351 0.033225 0.021215 0.029205 0.031077 0.034679 0.040929 0.022914 0.012698 0.031303 0.034783 0.029365 0.029817 0.012698 0.010959 0.016506 0.026145 0.018420 
0.041258 0.021215 0.024242 0.044184 0.010256 0.040164 0.042036 0.031309 0.037559 0.033873 0.042063 0.035271 0.029365 0.034783 0.018859 0.016667 0.040324 0.027465 0.037104 0.029379 
0.039604 0.019561 0.043101 0.042529 0.008602 0.038509 0.040382 0.029655 0.034783 0.032219 0.042516 0.046409 0.029817 0.018859 0.034783 0.032845 0.040776 0.025811 0.035450 0.027724 
0.042998 0.022955 0.038049 0.036643 0.024242 0.041903 0.043776 0.045295 0.034783 0.035612 0.025397 0.018605 0.012698 0.016667 0.032845 0.034783 0.023657 0.029205 0.029564 0.031118 
0.041258 0.021215 0.036310 0.044184 0.032174 0.040164 0.033710 0.037312 0.043562 0.025547 0.023657 0.042262 0.010959 0.040324 0.040776 0.023657 0.034783 0.027465 0.037104 0.021053 
0.013793 0.006250 0.021344 0.016718 0.017209 0.012698 0.027071 0.030672 0.036922 0.018908 0.029205 0.020597 0.016506 0.027465 0.025811 0.029205 0.027465 0.034783 0.009639 0.014413 
0.032012 0.015889 0.030983 0.007080 0.026847 0.022337 0.036709 0.033876 0.027626 0.028546 0.032012 0.010959 0.026145 0.037104 0.035450 0.029564 0.037104 0.009639 0.034783 0.024052 
0.028206 0.008163 0.023258 0.031131 0.019122 0.027112 0.012658 0.016259 0.022509 0.004494 0.031118 0.035011 0.018420 0.029379 0.027724 0.031118 0.021053 0.014413 0.024052 0.034783 
CtrlSum=11.766782
