6.300937 0.000000 0.000000 0.000000 0.000000 0.000000 0.000000 0.000000 0.000000 0.000000 24.548099 47.508703 0.000000 0.000000 0.000000 0.000000 0.000000 165.742261 0.000000 0.000000 
0.000000 59.641622 236.675826 0.000000 851.308395 0.000000 0.000000 0.000000 0.000000 0.000000 0.000000 0.000000 1002.467780 0.000000 0.000000 0.000000 0.000000 946.429652 0.000000 909.543462 
0.000000 236.675826 9.612674 0.000000 0.000000 0.000000 0.000000 0.000000 0.000000 0.000000 0.000000 0.000000 0.000000 55.211500 0.000000 0.000000 0.000000 0.000000 0.000000 0.000000 
0.000000 0.000000 0.000000 3.422409 0.000000 0.000000 0.000000 0.000000 0.000000 0.000000 18.091778 0.000000 0.000000 0.000000 0.000000 0.000000 0.000000 0.000000 158.385813 0.000000 
0.000000 851.308395 0.000000 0.000000 41.201887 0.000000 0.000000 250.681907 0.000000 0.000000 0.000000 0.000000 0.000000 281.628308 586.416302 141.272828 0.000000 0.000000 0.000000 0.000000 
0.000000 0.000000 0.000000 0.000000 0.000000 12.688940 0.000000 0.000000 0.000000 0.000000 0.000000 0.000000 0.000000 0.000000 0.000000 0.000000 0.000000 333.711060 0.000000 0.000000 
0.000000 0.000000 0.000000 0.000000 0.000000 0.000000 19.799005 0.000000 0.000000 412.900995 0.000000 0.000000 0.000000 0.000000 0.000000 0.000000 0.000000 0.000000 0.000000 0.000000 
0.000000 0.000000 0.000000 0.000000 250.681907 0.000000 0.000000 33.044044 631.752932 577.000333 0.000000 0.000000 0.000000 0.000000 0.000000 0.000000 0.000000 0.000000 0.000000 0.000000 
0.000000 0.000000 0.000000 0.000000 0.000000 0.000000 0.000000 631.752932 104.377122 0.000000 0.000000 320.827827 0.000000 0.000000 75.201956 73.909718 0.000000 0.000000 0.000000 0.000000 
0.000000 0.000000 0.000000 0.000000 0.000000 0.000000 412.900995 577.000333 0.000000 12.491904 0.000000 0.000000 0.000000 0.000000 0.000000 0.000000 0.000000 0.000000 0.000000 1034.728630 
24.548099 0.000000 0.000000 18.091778 0.000000 0.000000 0.000000 0.000000 0.000000 0.000000 95.638027 223.215735 589.506361 0.000000 0.000000 0.000000 0.000000 0.000000 0.000000 0.000000 
47.508703 0.000000 0.000000 0.000000 0.000000 0.000000 0.000000 0.000000 320.827827 0.000000 223.215735 16.860412 0.000000 0.000000 0.000000 119.318041 0.000000 0.000000 325.704198 0.000000 
0.000000 1002.467780 0.000000 0.000000 0.000000 0.000000 0.000000 0.000000 0.000000 0.000000 589.506361 0.000000 4.779650 0.000000 0.000000 462.000402 483.316212 0.000000 0.000000 0.000000 
0.000000 0.000000 55.211500 0.000000 281.628308 0.000000 0.000000 0.000000 0.000000 0.000000 0.000000 0.000000 0.000000 16.224702 0.000000 124.081480 0.000000 0.000000 0.000000 0.000000 
0.000000 0.000000 0.000000 0.000000 586.416302 0.000000 0.000000 0.000000 75.201956 0.000000 0.000000 0.000000 0.000000 0.000000 54.181742 0.000000 0.000000 0.000000 0.000000 0.000000 
0.000000 0.000000 0.000000 0.000000 141.272828 0.000000 0.000000 0.000000 73.909718 0.000000 0.000000 119.318041 462.000402 124.081480 0.000000 52.335669 0.000000 0.000000 0.000000 0.000000 
0.000000 0.000000 0.000000 0.000000 0.000000 0.000000 0.000000 0.000000 0.000000 0.000000 0.000000 0.000000 483.316212 0.000000 0.000000 0.000000 56.229328 0.000000 0.000000 189.654460 
165.742261 946.429652 0.000000 0.000000 0.000000 333.711060 0.000000 0.000000 0.000000 0.000000 0.000000 0.000000 0.000000 0.000000 0.000000 0.000000 0.000000 3.388251 405.720748 0.000000 
0.000000 0.000000 0.000000 158.385813 0.000000 0.000000 0.000000 0.000000 0.000000 0.000000 0.000000 325.704198 0.000000 0.000000 0.000000 0.000000 0.000000 405.720748 7.583867 0.000000 
0.000000 909.543462 0.000000 0.000000 0.000000 0.000000 0.000000 0.000000 0.000000 1034.728630 0.000000 0.000000 0.000000 0.000000 0.000000 0.000000 189.654460 0.000000 0.000000 1.803665 
CtrlSum=24728.533260
