12 0 0 0 0 0 0 0 0 0 33 58 0 0 0 0 0 180 0 0 
0 71 251 0 862 0 0 0 0 0 0 0 1011 0 0 0 0 956 0 919 
0 251 16 0 0 0 0 0 0 0 0 0 0 66 0 0 0 0 0 0 
0 0 0 8 0 0 0 0 0 0 26 0 0 0 0 0 0 0 172 0 
0 862 0 0 52 0 0 265 0 0 0 0 0 296 600 155 0 0 0 0 
0 0 0 0 0 20 0 0 0 0 0 0 0 0 0 0 0 348 0 0 
0 0 0 0 0 0 28 0 0 427 0 0 0 0 0 0 0 0 0 0 
0 0 0 0 265 0 0 43 645 590 0 0 0 0 0 0 0 0 0 0 
0 0 0 0 0 0 0 645 117 0 0 336 0 0 87 86 0 0 0 0 
0 0 0 0 0 0 427 590 0 20 0 0 0 0 0 0 0 0 0 1043 
33 0 0 26 0 0 0 0 0 0 108 238 603 0 0 0 0 0 0 0 
58 0 0 0 0 0 0 0 336 0 238 25 0 0 0 133 0 0 340 0 
0 1011 0 0 0 0 0 0 0 0 603 0 10 0 0 476 497 0 0 0 
0 0 66 0 296 0 0 0 0 0 0 0 0 24 0 138 0 0 0 0 
0 0 0 0 600 0 0 0 87 0 0 0 0 0 65 0 0 0 0 0 
0 0 0 0 155 0 0 0 86 0 0 133 476 138 0 63 0 0 0 0 
0 0 0 0 0 0 0 0 0 0 0 0 497 0 0 0 67 0 0 204 
180 956 0 0 0 348 0 0 0 0 0 0 0 0 0 0 0 8 420 0 
0 0 0 172 0 0 0 0 0 0 0 340 0 0 0 0 0 420 14 0 
0 919 0 0 0 0 0 0 0 1043 0 0 0 0 0 0 204 0 0 6 
CtrlSum=25699.000000
