1027200.000000 0.000000 0.000000 0.000000 0.000000 0.000000 0.000000 0.000000 0.000000 0.000000 2824800.000000 4964800.000000 0.000000 0.000000 0.000000 0.000000 0.000000 15408000.000000 0.000000 0.000000 
0.000000 6077600.000000 21485600.000000 0.000000 73787200.000000 0.000000 0.000000 0.000000 0.000000 0.000000 0.000000 0.000000 86541600.000000 0.000000 0.000000 0.000000 0.000000 81833600.000000 0.000000 78666400.000000 
0.000000 21485600.000000 1369600.000000 0.000000 0.000000 0.000000 0.000000 0.000000 0.000000 0.000000 0.000000 0.000000 0.000000 5649600.000000 0.000000 0.000000 0.000000 0.000000 0.000000 0.000000 
0.000000 0.000000 0.000000 684800.000000 0.000000 0.000000 0.000000 0.000000 0.000000 0.000000 2225600.000000 0.000000 0.000000 0.000000 0.000000 0.000000 0.000000 0.000000 14723200.000000 0.000000 
0.000000 73787200.000000 0.000000 0.000000 4451200.000000 0.000000 0.000000 22684000.000000 0.000000 0.000000 0.000000 0.000000 0.000000 25337600.000000 51360000.000000 13268000.000000 0.000000 0.000000 0.000000 0.000000 
0.000000 0.000000 0.000000 0.000000 0.000000 1712000.000000 0.000000 0.000000 0.000000 0.000000 0.000000 0.000000 0.000000 0.000000 0.000000 0.000000 0.000000 29788800.000000 0.000000 0.000000 
0.000000 0.000000 0.000000 0.000000 0.000000 0.000000 2396800.000000 0.000000 0.000000 36551200.000000 0.000000 0.000000 0.000000 0.000000 0.000000 0.000000 0.000000 0.000000 0.000000 0.000000 
0.000000 0.000000 0.000000 0.000000 22684000.000000 0.000000 0.000000 3680800.000000 55212000.000000 50504000.000000 0.000000 0.000000 0.000000 0.000000 0.000000 0.000000 0.000000 0.000000 0.000000 0.000000 
0.000000 0.000000 0.000000 0.000000 0.000000 0.000000 0.000000 55212000.000000 10015200.000000 0.000000 0.000000 28761600.000000 0.000000 0.000000 7447200.000000 7361600.000000 0.000000 0.000000 0.000000 0.000000 
0.000000 0.000000 0.000000 0.000000 0.000000 0.000000 36551200.000000 50504000.000000 0.000000 1712000.000000 0.000000 0.000000 0.000000 0.000000 0.000000 0.000000 0.000000 0.000000 0.000000 89280800.000000 
2824800.000000 0.000000 0.000000 2225600.000000 0.000000 0.000000 0.000000 0.000000 0.000000 0.000000 9244800.000000 20372800.000000 51616800.000000 0.000000 0.000000 0.000000 0.000000 0.000000 0.000000 0.000000 
4964800.000000 0.000000 0.000000 0.000000 0.000000 0.000000 0.000000 0.000000 28761600.000000 0.000000 20372800.000000 2140000.000000 0.000000 0.000000 0.000000 11384800.000000 0.000000 0.000000 29104000.000000 0.000000 
0.000000 86541600.000000 0.000000 0.000000 0.000000 0.000000 0.000000 0.000000 0.000000 0.000000 51616800.000000 0.000000 856000.000000 0.000000 0.000000 40745600.000000 42543200.000000 0.000000 0.000000 0.000000 
0.000000 0.000000 5649600.000000 0.000000 25337600.000000 0.000000 0.000000 0.000000 0.000000 0.000000 0.000000 0.000000 0.000000 2054400.000000 0.000000 11812800.000000 0.000000 0.000000 0.000000 0.000000 
0.000000 0.000000 0.000000 0.000000 51360000.000000 0.000000 0.000000 0.000000 7447200.000000 0.000000 0.000000 0.000000 0.000000 0.000000 5564000.000000 0.000000 0.000000 0.000000 0.000000 0.000000 
0.000000 0.000000 0.000000 0.000000 13268000.000000 0.000000 0.000000 0.000000 7361600.000000 0.000000 0.000000 11384800.000000 40745600.000000 11812800.000000 0.000000 5392800.000000 0.000000 0.000000 0.000000 0.000000 
0.000000 0.000000 0.000000 0.000000 0.000000 0.000000 0.000000 0.000000 0.000000 0.000000 0.000000 0.000000 42543200.000000 0.000000 0.000000 0.000000 5735200.000000 0.000000 0.000000 17462400.000000 
15408000.000000 81833600.000000 0.000000 0.000000 0.000000 29788800.000000 0.000000 0.000000 0.000000 0.000000 0.000000 0.000000 0.000000 0.000000 0.000000 0.000000 0.000000 684800.000000 35952000.000000 0.000000 
0.000000 0.000000 0.000000 14723200.000000 0.000000 0.000000 0.000000 0.000000 0.000000 0.000000 0.000000 29104000.000000 0.000000 0.000000 0.000000 0.000000 0.000000 35952000.000000 1198400.000000 0.000000 
0.000000 78666400.000000 0.000000 0.000000 0.000000 0.000000 0.000000 0.000000 0.000000 89280800.000000 0.000000 0.000000 0.000000 0.000000 0.000000 0.000000 17462400.000000 0.000000 0.000000 513600.000000 
CtrlSum=2199834400.000000
